SNP	Chromosome	Locus	Total_SNP-gene_Pairs	Total_eQTLs
rs13375749	1	53695881	113	113
rs12141041	1	119952775	162	159
rs1163251	1	120209754	132	130
rs7061710	1	171080614	90	86
rs10211524	2	65208073	128	123
rs13538	2	73868327	88	87
rs715	2	211543054	22	22
rs17279437	3	45814093	215	212
rs2270968	3	182755208	236	234
rs10022462	4	89243817	113	108
rs13122250	4	156808287	97	93
rs16876394	5	78346768	125	118
rs272889	5	131665377	69	68
rs2405522	5	131741695	168	165
rs9400467	6	111424014	76	74
rs662138	6	160564475	65	63
rs316020	6	160669080	75	74
rs7809234	7	50610378	88	85
rs4947534	7	56079093	20	19
rs1005390	7	150543720	178	176
rs4921914	8	18272437	111	108
rs13278849	8	26714873	172	168
rs2160860	8	39823144	57	55
rs10504073	8	50024943	77	73
rs10112574	8	67381267	68	67
rs12550729	8	145155407	205	203
rs15676	9	131572026	177	174
rs56322409	10	97395961	146	143
rs11101730	10	135197335	32	32
rs4150581	11	18357269	169	165
rs499368	12	320919	36	36
rs7969761	12	355841	23	23
rs4149056	12	21331548	61	60
rs1498694	12	103257875	122	118
rs3184504	12	111884607	190	186
rs493519	12	122397475	182	173
rs4144027	14	104357637	95	89
rs9635324	15	40703210	213	207
rs2404602	15	77030791	224	219
rs11647589	16	20449615	70	66
rs1394678	16	20491057	66	63
rs4784054	16	58776313	110	103
rs12709013	16	58829789	22	21
rs8056893	16	68304391	175	170
rs8051149	16	87878821	294	289
rs4625783	17	80086394	199	198
rs8012	19	13010519	266	260
rs8101881	19	33364627	122	117
rs2851391	21	44487403	83	81
rs2540647	22	18966616	113	111
rs6151429	22	51063476	97	91
rs1260326	2	27730939	171	169
rs7570971	2	135837905	51	50
rs3800993	7	141801006	154	150
rs1395	2	27424635	257	255
rs887829	2	234668569	74	73
rs4680	22	19951270	277	269
rs4687717	3	53282187	175	173
rs17806888	3	67416321	110	109
rs835154	5	14876568	89	87
rs7849270	9	131874640	157	154
rs1472631	15	63423738	131	128
rs170149	17	6595929	163	157
rs1509123	17	6683877	133	129
rs6678639	1	47331965	120	118
rs4949874	1	76161888	120	117
rs1466788	1	110618729	174	172
rs6693388	1	151930644	12	12
rs3738934	2	210874245	160	156
rs9842133	3	179664101	76	73
rs4690909	4	159629150	126	120
rs9393915	6	11072321	136	133
rs1185567	6	25818587	49	47
rs7809615	7	99184777	166	162
rs13222543	7	100015456	86	83
rs17134585	10	5256271	71	70
rs1171615	10	61469089	113	112
rs603424	10	102075478	135	134
rs174548	11	61571347	200	196
rs2727271	11	61603357	25	25
rs11825181	11	116626257	201	197
rs12829704	12	21388620	24	24
rs2066938	12	121160614	122	121
rs7157785	14	64235555	142	136
rs1365505	15	50477137	62	60
rs10468017	15	58678511	55	53
rs2070895	15	58723938	117	114
rs2740	16	15132107	164	160
rs2062541	16	16127234	96	94
rs4787294	16	25002349	149	149
rs2271316	17	6915400	112	112
rs4808136	19	18618866	202	199
rs445925	19	45415639	257	251
rs2547231	19	48385056	153	149
rs2576452	19	54676432	322	311
rs4814176	20	12959397	62	60
rs6430553	2	135631399	129	126
rs938554	4	9925691	158	147
rs6459467	6	16288191	123	122
rs494562	6	86117128	47	44
rs6980334	7	137788491	112	106
rs131794	22	50971751	32	31
rs1697421	1	21823291	114	110
rs6804368	3	30753572	100	99
rs5030062	3	186454179	141	136
rs4253311	4	187174682	83	81
rs2731672	5	176842473	88	88
rs7775554	6	89879167	95	90
rs2694917	12	56912863	130	128
rs8002180	13	95922764	102	100
rs9302065	13	95971015	83	80
rs2007084	15	90345334	117	112
rs4343	17	61566030	67	66
rs601338	19	49206673	28	28
rs1053941	1	46084382	126	124
rs7542172	1	46990680	187	186
rs6968554	7	17287105	81	80
rs6679002	1	63199935	133	129
rs4073054	1	161200486	196	194
rs559555	2	31810973	114	112
rs4675874	2	241819795	190	176
rs7642243	3	195941215	51	48
rs3099557	4	22824020	61	59
rs10491431	5	35967999	74	70
rs9392556	6	4146197	65	63
rs1046080	6	31595881	239	231
rs2734331	6	31930350	228	222
rs10242455	7	99240178	149	146
rs12246027	10	318075	7	6
rs4986894	10	96522364	102	101
rs1853207	10	96665936	48	48
rs1934963	10	96734675	115	112
rs1934955	10	96788560	101	97
rs4488133	10	100159135	143	142
rs964184	11	116648916	34	33
rs8018967	14	73976933	100	97
rs2235649	16	1837405	209	195
rs6497490	16	20477473	48	47
rs1800775	16	56995235	160	158
rs12602901	17	4824624	161	159
rs2187375	18	47172282	64	64
